function res = showPlotBusy()

polX = [0, 1, 492, 558, 585, 628, 678, 698, 702, 755, 770, 786, 791, 815, 839, 866, 905, 911, 926, 956, 978, 980, 996, 1017, 1067, 1068, 1090, 1091, 1121, 1125, 1136, 1143, 1178, 1201, 1207, 1262, 1267, 1277, 1290, 1320, 1326, 1347, 1349, 1376, 1390, 1402, 1418, 1442, 1458, 1468, 1474, 1488, 1523, 1550, 1555, 1557, 1632, 1650, 1715, 1725, 1791, 1871, 1884, 1955, 1960, 1966, 2026, 2031, 2073, 2088, 2140, 2145, 2150, 2224, 2226, 2244, 2282, 2311, 2333, 2339, 2381, 2383, 2419, 2485, 2498, 2551, 2557, 2581, 2606, 2633, 2648, 2698, 2700, 2744, 2752, 2754, 2767, 2849, 2854, 2866, 2873, 2893, 2909, 2918, 2925, 2960, 2966, 3027, 3042, 3055, 3121, 3152, 3198, 3260, 3265, 3280, 3320, 3348, 3356, 3388, 3594, 3618, 3621, 3634, 3647, 3657, 3667, 3701, 3715, 3724, 3731, 3734, 3744, 3757, 3782, 3790, 3798, 3819, 3858, 3867, 3896, 3922, 3931, 3989, 4061, 4109, 4143, 4197, 4209, 4220, 4274, 4275, 4288, 4320, 4331, 4341, 4363, 4364, 4411, 4424, 4442, 4448, 4456, 4488, 4499, 4550, 4559, 4587, 4594, 4647, 4679, 4709, 4723, 4746, 4771, 4773, 4831, 4839, 4848, 4853, 4969, 4995, 5018, 5021, 5040, 5107, 5116, 5137, 5152, 5156, 5280, 5299, 5316, 5320, 5324, 5334, 5347, 5365, 5408, 5423, 5436, 5437, 5440, 5442, 5473, 5485, 5539, 5549, 5676, 5679, 5684, 5705, 5729, 5747, 5781, 5789, 5887, 5909, 5910, 5920, 5924, 5955, 5960, 5964, 5976, 6013, 6016, 6098, 6143, 6237, 6291, 6294, 6325, 6334, 6335, 6356, 6357, 6426, 6436, 6451, 6463, 6506, 6517, 6537, 6540, 6560, 6567, 6570, 6610, 6689, 6757, 6880, 6891, 6894, 6903, 6923, 6926, 6961, 6966, 7025, 7026, 7044, 7075, 7080, 7099, 7120, 7124, 7133, 7165, 7172, 7213, 7220, 7242, 7253, 7289, 7329, 7496, 7505, 7531, 7541, 7542, 7560, 7570, 7597, 7612, 7637, 7705, 7717, 7761, 7763, 7814, 7835, 7866, 7870, 7903, 7917, 7923, 7926, 7951, 7962, 7988, 8001, 8007, 8055, 8073, 8092, 8130, 8178, 8192, 8231, 8232, 8300, 8316, 8328, 8349, 8364, 8405, 8406, 8462, 8468, 8509, 8510, 8541, 8546, 8577, 8602, 8642, 8645, 8650, 8661, 8662, 8729, 8769, 8802, 8814, 8867, 8873, 8902, 8926, 8934, 8936, 8984, 8994, 9009, 9013, 9035, 9057, 9061, 9083, 9095, 9278, 9322, 9353, 9389, 9390, 9397, 9433, 9450, 9505, 9565, 9575, 9625, 9630, 9642, 9656, 9662, 9686, 9723, 9727, 9755, 9757, 9761, 9778, 9780, 9804, 9834, 9859, 9909, 9977, 10007, 10070, 10107, 10131, 10185, 10211, 10231, 10247, 10263, 10281, 10331, 10335, 10336, 10351, 10397, 10404, 10406, 10435, 10447, 10465, 10470, 10531, 10542, 10561, 10585, 10687, 10704, 10780, 10802, 10816, 10824, 10853, 10860, 10873, 10887, 11057, 11083, 11137, 11176, 11192, 11232, 11236, 11289, 11305, 11352, 11359, 11375, 11401, 11421, 11444, 11478, 11535, 11547, 11551, 11566, 11579, 11583, 11611, 11613, 11615, 11674, 11677, 11699, 11735, 11747, 11748, 11769, 11790, 11851, 11923, 11985, 12037, 12043, 12078, 12150, 12175, 12180, 12188, 12205, 12216, 12231, 12247, 12259, 12321, 12399, 12434, 12530, 12540, 12551, 12555, 12597, 12614, 12686, 12690, 12710, 12714, 12756, 12780, 12802, 12843, 12845, 12897, 12932, 12943, 12951, 12959, 12967, 12986, 12992, 13100, 13102, 13103, 13132, 13144, 13163, 13168, 13183, 13231, 13235, 13268, 13272, 13291, 13294, 13311, 13359, 13438, 13486, 13509, 13518, 13535, 13541, 13573, 13612, 13632, 13636, 13637, 13641, 13666, 13672, 13678, 13778, 13809, 13843, 13848, 13885, 13917, 13953, 13966, 13978, 13985, 14034, 14038, 14063, 14087, 14090, 14099, 14102, 14138, 14190, 14193, 14218, 14221, 14230, 14235, 14238, 14239, 14266, 14284, 14290, 14382, 14438, 14486, 14506, 14515, 14519, 14643, 14647, 14799, 14823, 14873, 14881, 14922, 14934, 14956, 14959, 14980, 14995, 15003, 15013, 15027, 15099, 15115, 15123, 15127, 15135, 15249, 15305, 15324, 15401, 15416, 15434, 15437, 15450, 15476, 15518, 15547, 15568, 15594, 15596, 15601, 15619, 15621, 15665, 15675, 15678, 15709, 15728, 15760, 15765, 15812, 15873, 16018, 16066, 16081, 16116, 16148, 16177, 16207, 16225, 16229, 16239, 16268, 16276, 16296, 16323, 16331, 16340, 16377, 16396, 16442, 16448, 16519, 16520, 16524, 16555, 16583, 16589, 16615, 16676, 16682, 16695, 16715, 16721, 16737, 16742, 16809, 16822, 16828, 16862, 16870, 16896, 16914, 16921, 16933, 16973, 16997, 17042, 17062, 17071, 17074, 17214, 17293, 17327, 17350, 17351, 17362, 17365, 17397, 17413, 17445, 17454, 17479, 17490, 17638, 17641, 17670, 17673, 17698, 17711, 17730, 17800, 17801, 17805, 17830, 17832, 17848, 17862, 17873, 17875, 17914, 17922, 17977, 17994, 17998, 18034, 18041, 18049, 18057, 18066, 18090, 18122, 18127, 18133, 18174, 18186, 18256, 18303, 18329, 18331, 18344, 18358, 18413, 18426, 18460, 18470, 18480, 18482, 18537, 18553, 18581, 18585, 18610, 18618, 18666, 18698, 18704, 18765, 18767, 18771, 18772, 18777, 18782, 18814, 18817, 18834, 18841, 18847, 18871, 18877, 18907, 19061, 19079, 19085, 19109, 19137, 19141, 19151, 19173, 19249, 19270, 19293, 19294, 19326, 19344, 19415, 19438, 19469, 19472, 19509, 19522, 19526, 19579, 19598, 19600, 19610, 19615, 19618, 19627, 19669, 19683, 19685, 19720, 19791, 19835, 19847, 19850, 19879, 19892, 19908, 19936, 19956, 19976, 20027, 20123, 20139, 20199, 20215, 20243, 20267, 20295, 20297, 20299, 20337, 20373, 20385, 20406, 20446, 20447, 20480, 20504, 20529, 20551, 20552, 20563, 20584, 20593, 20616, 20620, 20624, 20636, 20639, 20652, 20719, 20721, 20753, 20834, 21076, 21099, 21144, 21155, 21178, 21205, 21224, 21229, 21233, 21235, 21239, 21275, 21276, 21277, 21289, 21296, 21324, 21436, 21445, 21447, 21470, 21525, 21530, 21535, 21596, 21614, 21639, 21677, 21699, 21710, 21732, 21738, 21768, 21786, 21790, 21803, 21857, 21880, 21893, 21918, 21965, 22002, 22014, 22023, 22077, 22107, 22112, 22155, 22157, 22171, 22183, 22216, 22224, 22267, 22271, 22276, 22282, 22340, 22355, 22392, 22443, 22499, 22500, 22515, 22523, 22557, 22615, 22627, 22630, 22680, 22698, 22717, 22797, 22804, 22879, 22888, 22902, 22915, 22943, 22967, 22990, 22992, 22994, 22999, 23007, 23035, 23059, 23070, 23072, 23108, 23131, 23141, 23168, 23193, 23240, 23253, 23323, 23338, 23348, 23369, 23403, 23407, 23444, 23456, 23460, 23548, 23602, 23672, 23674, 23700, 23712, 23736, 23739, 23751, 23785, 23787, 23797, 23813, 23829, 23837, 23853, 23859, 23869, 23913, 23938, 23941, 23942, 23966, 24017, 24055, 24080, 24140, 24151, 24155, 24156, 24212, 24228, 24253, 24273, 24288, 24355, 24362, 24386, 24389, 24441, 24546, 24593, 24618, 24637, 24662, 24697, 24709, 24751, 24791, 24803, 24904, 24933, 24940, 24961, 24972, 24973, 24992, 25037, 25039, 25073, 25075, 25089, 25099, 25118, 25220, 25304, 25307, 25310, 25316, 25322, 25345, 25368, 25381, 25388, 25419, 25431, 25463, 25505, 25525, 25625, 25680, 25692, 25700, 25708, 25717, 25734, 25754, 25846, 25891, 25893, 25931, 25942, 25953, 25959, 25977, 25995, 25998, 26035, 26049, 26061, 26085, 26109, 26171, 26178, 26192, 26200, 26201, 26215, 26244, 26288, 26357, 26364, 26491, 26497, 26527, 26535, 26538, 26555, 26566, 26590, 26595, 26596, 26728, 26760, 26784, 26798, 26800, 26840, 26849, 26864, 26875, 26941, 26971, 26973, 27057, 27181, 27201, 27202, 27207, 27213, 27217, 27255, 27264, 27266, 27277, 27284, 27288, 27330, 27355, 27370, 27387, 27400, 27403, 27442, 27450, 27482, 27538, 27594, 27651, 27699, 27744, 27792, 27868, 27920, 27965, 27980, 27985, 28009, 28071, 28072, 28091, 28108, 28140, 28149, 28152, 28158, 28162, 28231, 28259, 28265, 28269, 28272, 28334, 28341, 28365, 28366, 28516, 28537, 28540, 28586, 28611, 28612, 28622, 28665, 28679, 28684, 28701, 28719, 28751, 28762, 28765, 28813, 28843, 28847, 28848, 28916, 28920, 28930, 28964, 28981, 28986, 29053, 29075, 29082, 29095, 29113, 29133, 29137, 29209, 29239, 29299, 29342, 29374, 29380, 29391, 29425, 29429, 29432, 29488, 29508, 29604, 29606, 29622, 29661, 29779, 29792, 29877, 29909, 29912, 29965, 30007, 30009, 30012, 30058, 30202, 30243, 30304, 30395, 30816];
