function res = showPlotBusy()

polX = [0, 1, 412, 482, 513, 583, 589, 620, 624, 657, 668, 702, 802, 813, 877, 905, 910, 915, 946, 1004, 1009, 1042, 1075, 1099, 1123, 1195, 1199, 1220, 1223, 1247, 1295, 1299, 1312, 1316, 1332, 1338, 1343, 1356, 1369, 1388, 1602, 1618, 1646, 1655, 1670, 1697, 1734, 1745, 1827, 1866, 1895, 1926, 1936, 1938, 1970, 2085, 2091, 2159, 2170, 2174, 2192, 2228, 2239, 2357, 2429, 2437, 2441, 2448, 2457, 2465, 2472, 2476, 2489, 2498, 2542, 2612, 2672, 2739, 2746, 2752, 2784, 2799, 2815, 2835, 2867, 2898, 2946, 2981, 3058, 3062, 3086, 3132, 3143, 3161, 3175, 3193, 3194, 3203, 3214, 3335, 3370, 3385, 3400, 3440, 3549, 3839, 3849, 3850, 3870, 3882, 3901, 3919, 3945, 3956, 4000, 4033, 4049, 4064, 4065, 4095, 4132, 4141, 4275, 4342, 4371, 4380, 4382, 4388, 4402, 4403, 4453, 4488, 4490, 4499, 4535, 4697, 4713, 4743, 4754, 4832, 4889, 4906, 4912, 4917, 4989, 5021, 5022, 5045, 5049, 5063, 5065, 5078, 5149, 5155, 5166, 5182, 5186, 5228, 5260, 5264, 5286, 5460, 5477, 5488, 5516, 5527, 5597, 5619, 5627, 5726, 5744, 5777, 5781, 5866, 5958, 5968, 5982, 6036, 6047, 6048, 6076, 6093, 6100, 6105, 6141, 6156, 6167, 6169, 6267, 6284, 6289, 6300, 6309, 6316, 6335, 6341, 6359, 6361, 6371, 6379, 6396, 6417, 6430, 6438, 6490, 6510, 6746, 6755, 6763, 6888, 6976, 6980, 6988, 6995, 6998, 7021, 7032, 7040, 7051, 7053, 7056, 7058, 7067, 7165, 7224, 7249, 7252, 7301, 7312, 7321, 7362, 7373, 7439, 7471, 7482, 7509, 7530, 7537, 7545, 7548, 7572, 7600, 7649, 7678, 7753, 7769, 7770, 7789, 7834, 7944, 7983, 8013, 8050, 8184, 8214, 8225, 8242, 8268, 8276, 8340, 8388, 8402, 8414, 8415, 8463, 8468, 8477, 8478, 8510, 8521, 8534, 8536, 8565, 8578, 8610, 8621, 8745, 8750, 8903, 8921, 8930, 8939, 8954, 8955, 8961, 9003, 9008, 9020, 9038, 9065, 9072, 9088, 9127, 9185, 9210, 9232, 9286, 9320, 9321, 9379, 9402, 9470, 9472, 9482, 9528, 9552, 9620, 9650, 9661, 9678, 9697, 9705, 9737, 9749, 9758, 9807, 9829, 9843, 9858, 9870, 9889, 9987, 9994, 10057, 10067, 10181, 10240, 10246, 10256, 10293, 10388, 10410, 10437, 10441, 10470, 10484, 10510, 10519, 10542, 10591, 10602, 10675, 10717, 10755, 10769, 10770, 10778, 10779, 10781, 10802, 10830, 10837, 10858, 10977, 11090, 11167, 11232, 11240, 11314, 11362, 11385, 11396, 11416, 11421, 11431, 11447, 11448, 11461, 11466, 11498, 11514, 11534, 11537, 11553, 11556, 11593, 11610, 11621, 11648, 11686, 11716, 11861, 11912, 11942, 11953, 12000, 12004, 12033, 12058, 12062, 12117, 12170, 12208, 12212, 12340, 12381, 12394, 12410, 12463, 12495, 12496, 12502, 12511, 12523, 12534, 12593, 12605, 12606, 12613, 12621, 12722, 12733, 12755, 12819, 12880, 12889, 12899, 12900, 12941, 12950, 12968, 12978, 13023, 13033, 13097, 13107, 13114, 13118, 13130, 13184, 13195, 13196, 13220, 13304, 13331, 13433, 13475, 13480, 13492, 13581, 13638, 13644, 13646, 13655, 13667, 13720, 13738, 13741, 13750, 13760, 13762, 13772, 13780, 13834, 13855, 13879, 13971, 14020, 14051, 14060, 14062, 14086, 14119, 14130, 14165, 14181, 14192, 14200, 14254, 14259, 14270, 14273, 14346, 14365, 14366, 14418, 14549, 14557, 14575, 14626, 14639, 14682, 14744, 14770, 14781, 14832, 14857, 14880, 14888, 14891, 14900, 14924, 14939, 14952, 14983, 15032, 15036, 15059, 15099, 15162, 15172, 15195, 15224, 15257, 15349, 15358, 15374, 15387, 15398, 15422, 15446, 15449, 15465, 15526, 15528, 15537, 15574, 15628, 15645, 15757, 15768, 15806, 15861, 15866, 15878, 15905, 15916, 15969, 15984, 16024, 16136, 16139, 16154, 16176, 16195, 16212, 16274, 16305, 16323, 16333, 16387, 16482, 16486, 16502, 16503, 16567, 16619, 16675, 16692, 16701, 16724, 16740, 16744, 16775, 16781, 16820, 16836, 16861, 16905, 16918, 16942, 16952, 16983, 16988, 17014, 17061, 17068, 17072, 17153, 17169, 17295, 17350, 17380, 17407, 17413, 17502, 17518, 17523, 17564, 17580, 17595, 17635, 17654, 17661, 17791, 17880, 17898, 17930, 17998, 18002, 18021, 18042, 18061, 18067, 18080, 18088, 18125, 18136, 18153, 18166, 18188, 18193, 18199, 18214, 18225, 18234, 18237, 18249, 18262, 18301, 18315, 18345, 18348, 18427, 18553, 18598, 18601, 18670, 18790, 18798, 18861, 18889, 18928, 18969, 19007, 19020, 19049, 19084, 19088, 19103, 19131, 19141, 19144, 19152, 19155, 19160, 19191, 19201, 19208, 19219, 19442, 19504, 19561, 19586, 19597, 19666, 19687, 19708, 19719, 19742, 19826, 19835, 19892, 19895, 19903, 20036, 20038, 20086, 20110, 20123, 20129, 20150, 20152, 20183, 20202, 20213, 20217, 20232, 20243, 20261, 20263, 20267, 20268, 20273, 20279, 20287, 20485, 20496, 20515, 20535, 20565, 20657, 20711, 20724, 20945, 20987, 21011, 21026, 21034, 21063, 21089, 21097, 21107, 21135, 21145, 21152, 21225, 21229, 21233, 21254, 21273, 21292, 21322, 21330, 21335, 21337, 21346, 21456, 21470, 21472, 21500, 21526, 21556, 21567, 21597, 21659, 21664, 21724, 21786, 21804, 21841, 21906, 22006, 22044, 22054, 22063, 22125, 22371, 22382, 22402, 22439, 22504, 22506, 22521, 22522, 22527, 22542, 22547, 22557, 22558, 22560, 22603, 22607, 22624, 22661, 22730, 22745, 22758, 22810, 22821, 22835, 22929, 22944, 23031, 23043, 23046, 23085, 23134, 23137, 23165, 23175, 23206, 23227, 23238, 23254, 23304, 23353, 23445, 23455, 23551, 23561, 23567, 23582, 23614, 23649, 23662, 23720, 23748, 23763, 23835, 23843, 23860, 23866, 24073, 24084, 24095, 24227, 24244, 24273, 24283, 24285, 24313, 24344, 24347, 24365, 24414, 24417, 24510, 24546, 24557, 24646, 24673, 24678, 24697, 24710, 24750, 24765, 24862, 24881, 24893, 25045, 25052, 25062, 25063, 25070, 25075, 25095, 25106, 25141, 25142, 25226, 25237, 25253, 25264, 25265, 25356, 25373, 25381, 25441, 25504, 25570, 25619, 25625, 25660, 25683, 25694, 25699, 25710, 25730, 25739, 25759, 25768, 25789, 25792, 25815, 25962, 25993, 26045, 26082, 26110, 26114, 26123, 26153, 26174, 26201, 26236, 26360, 26371, 26373, 26440, 26469, 26508, 26519, 26527, 26537, 26674, 26693, 26698, 26709, 26766, 26826, 26850, 26918, 26942, 26976, 26999, 27010, 27024, 27054, 27065, 27090, 27112, 27127, 27139, 27155, 27174, 27195, 27215, 27226, 27334, 27348, 27492, 27500, 27511, 27614, 27620, 27659, 27669, 27713, 27754, 27817, 27849, 27880, 27886, 27891, 27906, 27916, 27927, 27930, 27964, 27985, 28009, 28024, 28081, 28195, 28199, 28217, 28228, 28414, 28425, 28431, 28495, 28510, 28523, 28543, 28562, 28588, 28599, 28669, 28680, 28688, 28737, 28746, 28803, 28871, 28875, 28949, 28985, 29004, 29041, 29042, 29045, 29098, 29109, 29148, 29152, 29180, 29209, 29361, 29380, 29391, 29426, 29437, 29454, 29478, 29482, 29489, 29546, 29617, 29628, 29687, 29716, 29719, 29724, 29925, 29938, 29949, 29954, 29966, 29991, 30002, 30025, 30073, 30172, 30201, 30212, 30235, 30263, 30387, 30398, 30409, 30428, 30537, 30548, 30585, 30717, 30738, 30761, 30794, 30823, 30832, 30870, 30888, 30899, 30952, 30964, 31033, 31044, 31080, 31087, 31155, 31202, 31224, 31322, 31329, 31340, 31352, 31353, 31441, 31513, 31730, 31759, 31775, 31812, 31818, 31829, 31884, 31979, 31982, 31986, 32020, 32042, 32097, 32158, 32220, 32240, 32249, 32299, 32335, 32344, 32346, 32351, 32355, 32650, 32661, 32698, 32712, 32713, 32728, 32768, 32779, 32824, 32832, 32853, 32908, 32956, 32976, 32978, 33010, 33179, 33190, 33328, 33359, 33506, 33517, 33583, 33593, 33628, 33639, 33642, 33675, 33687, 33708, 33719, 33746, 33757, 33809, 33945, 33973, 33984, 34253, 34297, 34320, 34450, 34460, 34461, 34471, 34501, 34512, 34521, 34542, 34584, 34630, 34635, 34641, 34652, 34660, 34664, 34699, 34785, 34796, 34854, 34887, 34946, 35330, 35334, 35354, 35409, 35668, 35683, 35795, 35830, 35841, 35882, 35884, 35900, 35903, 35918, 36011, 36056, 36116, 36127, 36163, 36734, 36934, 36951, 36986, 37006, 37017, 37042, 37053, 37058, 37076, 37087, 37128, 37379, 37390, 37479, 37726, 37799, 37822, 37882, 37898, 37908, 37966, 38054, 38226, 38310, 38425, 38434, 38469, 38512, 38523, 38524, 39068, 39076, 39127, 39138, 39354, 39422, 39433, 39472, 39544, 39689, 39800, 39811, 40420, 40431, 40687, 40698, 40746, 40757, 41043, 41421, 41432, 41538, 41786, 42093];
